106
121
138
139
140
141
144
145
146
147
148
149
159
162
166
17
172
20
234
235
236
238
239
240
241
242
243
258
260
261
262
263
264
27
291
30
31
328
329
333
336
337
338
343
344
345
346
348
353
354
355
356
357
358
360
361
362
363
364
365
366
367
368
369
370
371
372
373
374
375
376
377
378
379
380
381
382
383
384
385
386
387
390
391
411
412
413
414
425
426
427
441
443
444
445
446
453
454
455
49
513
515
520
523
550
558
569
570
60
602
611
615
62
63
638
64
65
66
67
68
71
73
74
75
76
11
50
58
69
70
72
77
78
79
80
81
93
95
96
97
98
99
100
101
102
103
104
109
110
113
118
122
123
124
128
129
130
131
132
133
134
135
136
137
142
143
150
151
11
50
58
69
70
72
77
78
79
80
81
93
95
96
97
98
99
100
101
102
103
104
109
110
113
118
122
123
124
128
129
130
131
132
133
134
135
136
137
142
143
150
151
38
105
152
153
154
155
156
157
158
319
321
160
161
167
168
169
170
171
174
204
205
221
226
237
253
254
265
266
267
268
269
270
274
275
276
277
278
298
279
285
286
287
288
289
290
309
310
311
312
313
314
315
316
317
318
320
322
323
324
326
339
340
341
342
349
406
407
408
507
509
514
561
566
359
388
389
396
403
404
405
418
419
420
422
423
424
429
430
431
436
437
438
439
451
467
472
473
475
479
480
484
485
486
487
489
490
491
492
493
498
499
502
503
506
504
505
521
522
526
535
536
556
557
562
563
564
578
